43 100 900 900 2 5 1700 6 5 2000 400 1400 1 1000 1400 3 1100 5 4 300 600 3 3 1300 1000 1100 1 5 1 5 200 3 900 900 4 1000 6 300 3 6 2 1800 3 4 0 13.1895 31.907 0.098896 1 1 9
43 100 900 900 2 5 1700 6 5 2000 400 1400 1 1000 1400 2 1100 5 4 1500 600 3 1 1300 1000 1100 1 5 1 5 200 3 900 900 4 1000 6 300 3 6 2 1800 2 4 0 13.6201 33.0811 0.0939431 0 0 7
43 100 900 900 2 5 1700 6 5 2000 400 1400 1 1000 1400 2 1100 5 4 1100 600 3 3 1300 1000 1100 1 5 1 5 200 3 900 900 4 1000 6 300 3 6 2 1800 2 4 0 13.6132 34.4099 0.0913891 1 0 10
43 100 900 900 2 5 1700 6 5 2000 400 1400 1 1000 1400 2 1100 5 4 1100 600 3 3 1300 1000 1100 1 5 1 5 200 3 900 900 4 200 6 300 3 6 2 1800 2 4 0 13.619 34.8007 0.0941459 2 1 7
43 100 900 900 2 5 1700 6 5 2100 400 1400 1 1000 1400 2 1100 5 4 300 2000 3 3 1300 1000 1100 1 5 1 5 200 3 900 900 4 1000 6 300 3 6 2 1800 3 4 0 13.6363 32.4661 0.0956588 0 1 2
43 100 900 900 2 5 1700 6 5 2000 400 1400 1 1000 1400 2 1900 5 4 1500 600 3 3 1300 1000 1100 1 5 1 5 200 3 900 900 4 1000 5 300 1 6 1 1800 3 4 0 13.4006 32.092 0.103741 2 0 4
47 100 900 900 2 5 1700 6 1400 2 1100 5 4 2000 400 1400 1 1000 1400 2 1100 5 4 1500 600 3 1 1300 1000 1100 1 5 1 5 200 3 900 900 4 1000 6 300 3 6 2 900 2 4 0 13.587 33.4824 0.0893467 0 0 8
43 100 900 900 2 5 1700 6 5 2000 400 1400 1 1000 1400 2 1100 5 4 1500 600 3 1 1300 1000 1100 1 5 1 5 200 3 900 900 4 1000 6 300 3 6 2 1800 2 4 0 13.4762 33.6014 0.0923269 2 1 9
43 100 900 900 2 5 1700 6 5 2000 400 1400 1 1000 1400 3 1100 5 4 300 600 3 3 1300 1000 1100 1 5 1 5 200 3 900 900 4 1000 6 300 3 4 2 1800 3 4 0 13.3852 32.7253 0.0979313 2 0 1
43 100 900 900 2 5 1700 6 5 2000 400 1400 1 1000 1400 2 1100 5 4 400 600 5 3 1300 1000 1100 1 5 1 5 200 3 900 900 4 1000 6 300 3 6 2 1800 3 4 0 13.7971 33.1427 0.0966633 0 0 5
43 100 2100 2100 2 5 1400 6 5 1900 400 1400 2 1700 1400 5 1100 5 6 1500 600 4 1 1300 100 1100 1 5 1 5 200 3 2100 2000 4 1000 5 300 3 6 2 1800 6 4 0 13.4159 34.6496 0.0889216 1 0 9
43 100 900 900 2 5 1700 6 5 2000 400 1400 1 1000 1400 2 1100 5 4 1100 600 3 3 1300 1000 1100 1 5 1 5 200 3 900 900 4 1000 6 300 3 6 2 1800 2 4 0 13.9481 34.5851 0.0909738 1 0 9
43 100 900 900 2 5 1700 6 5 2000 400 1400 1 1000 1400 3 1100 5 4 300 600 3 3 1300 1000 1100 1 5 1 4 200 3 900 900 4 1000 6 300 3 6 2 1800 3 4 0 13.3607 33.9531 0.0987895 1 0 2
43 100 2100 2000 2 5 1000 2 4 1900 400 1400 2 1700 1400 3 1100 5 6 1500 600 4 1 100 1000 1100 1 5 6 5 200 3 2100 2000 4 1000 3 300 3 6 1 1800 6 5 0 13.4657 34.0838 0.0838014 1 1 6
43 100 900 900 2 5 1700 6 5 2000 400 1400 1 1000 1400 3 1100 5 4 300 600 3 3 1300 1000 1100 1 5 1 5 200 3 900 900 4 1000 6 300 3 6 2 1800 3 4 0 13.1545 32.2361 0.0996366 1 0 10
43 100 900 900 2 5 1700 6 5 2000 400 1400 1 1000 1400 3 1100 5 4 300 600 3 3 1300 1000 1100 1 5 1 5 200 3 900 900 4 1000 6 300 3 6 2 1800 3 4 0 13.478 31.811 0.0972055 1 0 7
43 100 900 900 2 5 1700 6 5 2000 400 1400 1 1000 1400 3 1100 5 4 300 600 3 3 1300 1000 1100 1 5 1 5 200 3 900 900 4 1000 6 300 3 6 2 1800 3 4 0 13.3189 33.0289 0.0974005 2 0 9
61 100 2100 2100 2 5 1000 6 5 1900 400 1400 2 1700 1400 5 1100 5 6 1500 600 4 1 1300 1000 800 1400 2 1700 1400 5 1100 5 6 1500 600 4 1 1300 1000 800 1 5 1 5 5 1 5 200 3 2100 2000 4 1000 5 300 3 6 2 1800 6 4 0 13.6115 34.4585 0.0866735 1 1 1
43 100 900 900 2 5 1700 6 5 2000 400 1400 1 1000 1400 2 1100 5 4 300 600 3 3 1300 1000 1800 1 5 1 5 200 3 900 900 4 1000 6 300 3 1 2 700 3 4 0 13.4671 32.0336 0.0965598 0 1 4
43 100 2100 2100 2 5 1000 6 4 1900 400 1400 2 1700 1400 5 1100 5 6 1500 600 4 1 1300 1000 1100 1 5 6 5 200 3 2100 2000 4 1000 3 300 3 6 1 1800 6 5 0 13.7114 33.9528 0.0871926 1 1 9
